((((((((((((((((()())()(()((((((((((((((,30
()((())()((((()))))))))))(((()))))))(()),-8
((()))(((())()()((((()))))))(((((()))))),0
((((((((()((((((())((()(()))())))))()))),6
((()(())(((((((()))()((((()))()((()))))),6
((()((((((((((()((((((())()((((()()))((),20
(()))()))()()())))))()))))()()())))))))),-20
((((((((())))(()(((((((((()(()))))(()))),10
((((())()((((((((())((()()(()(()((((()(),18
((()))((((((((()))(((((((()))))))))))))),0
((()))()((((((())))((((((((()))))))))))),0
((()()((()))((((((((((()((()()()))))()((,12
((()(()((((()(()()((()()(()))(()())(()(),10
((((((((()((()())((((((()((((((((()(()(),24
()(())))((()))(((()((())))))(((())(()))),-2
()(((())())()()((())(())((((())))))(())),0
(((()((((())))(())((((()))))))))))())(((,0
(((((((())(((()))))))((((((()))))))))))(,0
()((((((()())((()((())))()((()(((())))(),8
(((((((()()(((()(((())((((((()(()))((()(,20
((((((((((((((((((((())))())()()))()))(),12
)()))(()))()())))(()))))(((())))))())()),-14
((((())(())(()((()(((())))))((())()))))),0
(((()((()))()((((()))))((((()()))))()))(,2
()(())((()))()))((()))()())())))(())())),-8
((((((((()(((((()))()))))()(((((())))()),8
((((((((((())((()(((((((()(((()))))(()((,20
())))))))()))())))(()())))))(())())))))),-22
((((()())())))((()))((((()))))((()())))(,0
(()(())((((((((((((()))))))))))))(())))(,0
((()()()((()))(((((((())))((()))())))))),0
)())())))()()))))()())))(()))(())))()))),-18
(()()))(((((((((())((((())))())))))))))(,0
((((((((())(((((()))))))(((()))))))))()),0
(((()))(((((((())()(((((()))))(()))()))),4
((((((()()(((())(((())((((((((((()()((((,24
(((((((((())((((((((())))()))))))))))))),0
((((()))(()))))((((((())))))))))))(()))),-8
((((((((((((()))))()((())()((((()))))))),6
((((((()))))((((((())))((((())))))))())),0
((((((((((((((((((((()()((((()()((((())(,28
(((((()()(((((()((((((()))((((()((((())),20
)(((()()(())(())))))()))))))())))))))))),-18
((((((()(((((()))))()((((((((()))))))))),6
))(()))())))))((()((((())))()))))))))))),-16
))())((((((((()))))(((((((())))()))))))(,0
(((((()()(())))))(((((((((())))))))))))(,0
((((()((((())(((((((())))(((()()(()()(((,18
)))())))(()(()))))))))(((()((())))))(()),-12
(((())(((((()(()((())(())))((())((())))(,8
((((((((((()(()((()((((()(())(())())))(),14
(((())((())(((()))))(((((()()))()))))))(,0
(((()(((((((((())))))))))((((()))))()))),0
((((((()((((((((((())((()))()((()(()())),16
(((((()((())))))))(())((((())()(())))))(,0
(((()))(((()(()(((((((((((((())(((()(()(,22
(())(((((((((()()(((((()))()))()(()))))),6
()(((((((((()))))))))((())((()))((())))),0
(((()(((((((((((((())))))))))))())((()(),6
(())((((())(((((((((()))(((()(((()((())(,18
((((((())))()())()((()()()(())(()))))))(,0
((((((((())((((((((((((()((((((((()))()),24
(((()()(((((((((((((((((()(()((())))((((,24
((((()))()((())((((())))((()()))((())()),4
(((((((((((()()(((()()()()(()))))((()(((,16
(((((((()(((())((((((())((((((()()()(()(,22
(((()((((()))(())()))))(((())))(((())))),0
((((((()((((((((((()(())(()(((((()((())(,24
((((((()()(()((((()(()()((((((()())(()((,20
(((()))))((((((((((()))))))))())()()())(,0
(((()))((((((()((((((((((((())()((((())(,22
()((((((((((()()(())()(((()()(((())(())),14
(((())))((()(((()((((((())))))))))(()))),0
((((())(()(((((())))))()))((((())))))))(,0
((()((()))))((()))()((((((((())))))))))(,0
(((((()(()((((())((((((((())((((((((())(,24
(((((()))))((()()))(())()(((((())))))()),0
(((((((()((((((())(((())))))))))))())))),0
())((((())()((((())((((((()))()))))))))),0
((((()()(()(()())))))()()(((((()))))))(),0
((((((((((()(()(((())(()(((())((((((()(),22
(((((((())(((()))(()))))))))(())((())))(,0
(((((((((()()((((((((())(()()((((())()((,22
(()(((()))(())()))((()))())))))))()()))),-10
((()))((((((((((()))))))(((())))))))())(,0
((((()((((((((()()((((((((()()((()()(((),24
(((((((((((())(((((((((())()()()()()(()),18
(((((()(()(((((()(((((()()(((()()(())(((,22
)())(((()((((()((()))(())))))()))))))))),-8
((((((())))(()(((((()()))(())))))))))))),-4
(((((())((()))(((((())(((()((((()(((((((,22
(((((())((()))))))(((()(())(()(()))))))(,0
(((((((((())))))(((((((((()))))))))))))),0
((((((()))(())((((())))((((((()()))))))),4
()())))))(()))(())()))))(())))())))))))),-20
(())(())(((((((()(())))(()))()(((())))(),4
((((((((((())())())))))))))(()(())))())),-4
((((())(((((((()))))((()))))(((()))))))),0
(((((((((())))))(())((())))()))((()))))(,0
(((()()((((())))(((()((((((()))))))))))),2
(((((((((((((((())))))))))))((()))))())),0
(((((()))))((((()))(()))))(()(()))((())),0
((((((())((((((((()))))))))))))(())())(),0
(()(())((((((((())()()((())((()))))())(),6
()))()))))))())())()()))))))(((()))))))),-20
((((()()((()((((()(((()((()(((()())()((),18
(((((((((((()(()((((((((()(()((()((((((),28
((((()))()))()))())())))))((()))))(()))),-12
(((((((((((((())(((((()(((((((()((()(((),28
(((((((((((()(())((()))()))((((()(()(()(,16
((((((((((((((())))(((((()(())))())()))(,12
)((())))))))))))())))()()))))()))))))))),-26
()(((())(((()((()((())(((((()(((()(((()),18
)(()))()))()())))))(()()))))))))))())))),-22
((((((((())(()()()((((()()(()))(())))((),10
(((((()))))((((()((()))()))))))(()(()()),0
((((((((()(((((()((())((((()(()(()()()(),20
((()(()(((()))((())((()()(()(((())(()((),12
((((()(((((((()((((()(((((()())(()(((((),24
((())))(((((((()))))(((()))))(())()()))(,0
((((()((((())(((())((())))))))))))(()))(,0
)))))((((())))(())))))))())))))))))))))),-24
(()(())()(()))))))(()()))))()())))))())),-14
(((((((((())()(())(()(()))()((())))())(),6
((((((())((())((()))())))())))(((()))))(,0
((((()(((((())(((((((((((())()))))(()))),12
(((((((((((((((((((((((())()(((()())(((),26
(()((((()((((()(((((())))))))))))(())))),0
(((((((((())))()))()(())(((((())()))))(),4
((((())(()))))((((()))())))((((()(())))),0
(((((())))))())()))(())()))((())(()))))),-8
((((()(((()((((((()(((((((((((((()(()()),26
(((((()(()((((((()())))((((())())())(((),12
((((()((((()))()(())()(((()()))))))))))(,0
))()))))))())()))))))(())))))))(())))()),-24
(((()(()))(((())))()((()(((()))))(())))),0
((()()((((()((()))))((())))((()))())())),0
()((((()))((((())(((()(((((((((((()(())(,20
((((()((()))((((((((((((((())))()()(())(,16
(((((((((((((()((()()((()(((()()((())()),20
((((()((((((((((((((((())(()()))))()())(,16
((((((((((())()(()(((()()))))()((((()))),10
(())((((((())))((()())))(())()((((()))(),4
((()((((((((((()())()(((((()(((((((())((,24
((((()((((((())))))(((()(((((((()(())(((,18
(((())))((()((((((((((((((()(())))())))),10
((((())))))())(((((((()))((()))))))))()(,-2
()()())))()())(((())))))((((())))())())),-8
(((((((((((((((((()(())(((()(((())(((()),24
(((((((((())))())))))()((((()))))((()))),0
