((()))()))))()())))),-8
((())(((((())))))))(,0
(((((((((((((((()()),14
(()((((((()))(())))),2
((((()((())))(())))),0
(((((())))(((()))))),0
(((()((())))()()())),0
()((())))()()))))))),-8
((((((((((())((((()(,14
()((((()((()(((())(),8
(((((((()))))))()))(,0
((((((())))))((()))),0
))()))))(()()))))))),-12
((((((((()))))))))(),0
(((((()()((((((((((),14
((((()))()))))(())((,0
()(((((((()((((())(),10
(((((()()((()((()()(,10
((()((((()))))(((()(,6
))))()(())))))))))(),-12
(((((()((()(())(())),6
((()()()((()(((()()),6
(((((()))())((())))),0
())((((())))(()))))),-4
(()(((((()(()())))(),4
((())())()))())))))),-8
())()))))))(())))))),-12
(((((()()(((()(())(),8
(((((((()))(())))))),0
((((()))))))((())))),-4
()((()))(())(()()))(,0
((((((((((())(((((((,16
((((((((((())(()(()),10
(((((((())()))))))(),0
(()())((()))(((((((),6
((((((()(()()(()(((),10
((()))())(((((())))),0
)((()))(()))())()))),-6
(((((((((((((())(()(,14
(()((()))((((()))))(,2
(((()))(((()))))(()),0
(())(((((()()))()))),0
((((((()))(()(((()((,10
(((((())()((())))))),0
(())((((()()))(((()(,6
(((()((((((()))()))),4
((((())))))((((()))),0
()()())))))))))))))),-14
((()))((())(((())))),0
((((((()((((())(()((,12
()(()((()))((()))))(,0
((((((())))))(())))(,0
(()(((()(()(((((()((,12
((((((((()((()))(((),10
((((()(()(((((((()((,14
)))))())())))))))))),-16
()(((((((()))))))))(,0
((((())((()((())(()),6
((((((())))()()))))(,0
((((((()((((((((())),12
((((())()))(((()(()),4
(()())()(())((((((((,8
()((()()))(()))))))),-6
(((())(()))())(())(),0
(((((((()(())((((()(,12
((((()))((((((()))((,8
((((())))()((()))))(,0
((((())))((()(())))),0
))))())()(())))))))),-12
)())(((((())))))())),-4
((((((((((()()())((),10
((()((((((((((())()),10
(((((((()((()((()((),12
((()))(((((((()))))),2
((())))(((((())))))(,0
(((()(((()()(()(((((,12
((()()()((())))))()(,0
(())))((((()))()())(,0
(((()()((((()))))))),0
(((()()(((((()()())),6
((((((())((()))))()(,4
((((((()))(((())())),4
(()))((((((()))))))(,0
(((((((((()(()((()(),12
()())())))))))))())),-12
()((((())((())()())),2
((()(((((((()))))))),2
(())(())((((()())))),0
(((((((()))()())((((,8
((((()((()(()))))))),0
))((((()(()))()))()(,0
)())((()()))))())))),-8
(((((((((((((((()))),12
((((((())))((((())(),6
(((((())((())(()))((,6
(((())(())((())))))(,0
(((((()))(((())))))),0
()(((((((())())((((),8
()()))(())()())))))),-8
)((())))))))())))))),-12
(((((((((()(()(((()),12
(((())())()())))(()(,0
(((()(()))((((()()(),6
((((()(((()()))))))),0
((((()))(((((()))(((,8
(((()())(())())(())),0
(((())))((()(()))))),-2
(())(()((((((())))(),4
(()(((((()(()()((()(,10
(()))()((()()())))((,0
(((((()((()))))))))(,0
(((((((((((((()))(((,14
((((((()(((()(()())),8
((((())()(((()(()()),6
((((((((()))))())))),0
(()(())(((())))(())),0
((()))((((())))()))(,0
((())((((((()))))))),0
((((((())())))(((()),4
))(()))))()))))))))),-14
(()(())(((()()(((()),6
(((()((((()((())()(),8
())()))))())))))))(),-12
((((((())()(((()())),6
)()()))))))))))))))),-16
((((())((((((((()()),10
(()(((()()(((())())),4
((((((((((())()))))),4
((((((((((()()()(((),12
(((((()(((()((())()),8
((((()())))()((()))),0
(((()((((()))))))))(,0
))))))()))))(())))(),-12
((((((((())))))))))(,0
((((((((())((((((((),14
(((())(((())((()))((,6
((((((())())(()))))),0
()((()(((()(((((())(,10
(((((())()))(((())(),4
(((((((()(()())(())(,8
)((((()()))))))(())),-4
(((((()(()((())()))),4
(()()(((((())(((())),6
(()(((((())))()))))(,0
(((()(((((((())(()((,12
((((()((((()(()(())),8
(((())((((())))))))(,0
()())(()))())))))()),-8
(()((((()(((((()(((),12
((((()((()((((()))(),8
