(((((((()(((((((())((()(()())),14
)))()))))(()))))))())))))()))),-20
(((((((((())))))())(()(((()))),4
((((((((()(((((()())((((())()),14
((((((((((()))()((((()))))(((),10
(((((()()(((((()()(()(()(((((),16
(((((((())()))))))((((())))))(,0
((()))()((((((()((())())()()(),6
((((((())((((((((((()(()))))(),12
((((()(())(()()(((((((())))))(,8
((((())((((((((((()()()(()((((,18
((((((((((((())(((()()(((()(((,20
(((((((())))((())()()))))(())),0
((((((((((()))))))((())))))))(,0
(()))))))))())))))))))))))())),-22
()()(())((((((()()()))())))))(,0
((()))(((())(((())))()))()(()),0
()((()()))((((()))))()(((()))),0
(((((()()))(())((((((()())())),6
)(()))()(()))((()))))))))))))),-14
((((((((((()((((()((((())(())),16
((((((((((((((()()()))()()(()),12
()(((((((())))))(((((()))))))),0
((((((((((()))((((())))))))))(,4
((()))(((((((((((()))))))))))),0
((((((()(()(((())))))))))))))),-4
()()(()))((((((((()()))))))))),-2
)()()))(())()()))))))))()))))),-16
((((((((())))(())()))))())())(,0
(((())))))(((((()))))))(((())(,0
(((((((())()((()))(()))))))))(,0
(((())((((((()))))()((())))))),0
(((()((((((())()()))(((()((((),12
(()((()((((()(((((())()()))(((,12
(((())((((((((((((((()))()()(),14
(((((((())))(((((()))))))()))),0
()(((()())))(((((((((())))))(),4
(()((((()))))(((((()())))))))(,0
()()))))())))()))))()))))))))),-20
(((((((((((()()(()((())(((()((,18
((()((((((()))((((())))))))))),0
((((((((((((((())(((((())((()(,20
(((((())))))((((())(())()()))),0
(()()()())))))))(()(())))))))),-12
((((((((()))((()))(()((()))()(,8
(((((((((((((((()((()(((((()(),22
(((((((((((((()())(()()(())()),12
(((())((())((((((()))))))))))(,0
(((((((((()())((((((((()))(((),16
((()))(()()((((())))))))))())),-6
((((((())(((((())))(())))))))),0
()))())))(((((())))))))))))))),-14
(()(((((((()(((()(((()()()))((,14
((((((((((((()(())()((((()))(),14
()((((()))())()()))))))))(())),-8
(((((()((((()(()())()((()()))),8
((((((((()((((()()((((()((()((,20
((((((()))((((())(())()((()))),6
()()((()()(((((((()()(((()(((),14
(((()()((())))))())))))))))))),-12
(()(((()(((()))(((((())()(()(),10
))())))())(()))))()))))))))))),-20
(((((((((())))))(((()))))))))(,0
(((((())(())))))((()(((()))))),0
((((())(()((()()(((()))))))))),0
(((())(((((()(()()((()))()))(),6
(()(((()()((())))(()())))(())),0
((((((((((()())(((((((()(())(),16
((((((())))(((()))))(()()()))(,2
((((((()((((()))())))))))()))(,0
(((((((((((((())((()(((((()()),18
(((((((()(())())())(()((())))),4
(((((())))(((())()()(()))))))),-2
(((((((((((())())))))))))()))(,0
()))((((((())))(((()))))))()((,0
(((((((())()((((((())))))))))),2
((((((((((((()(((()(()()(()((),18
)((((((((((((())())))))))))))(,0
)()()()(()((()))(()))))))))))),-10
(((((((((((())()()()()((()(()),12
(()(((((()(((((()))()(())(())),8
(((((((()))))))))((((()(())))),0
((())())))))(()))))))()))))))),-16
(((((((((()))(()))(()))()))))),0
((()))((((())))((()(((())))))),0
((()((())(()))()))((()((())))),0
()(((()))((()))((())))((())))(,0
((((((((())(((()(()((((((())((,18
(()((())(((((((()((()()(((()((,16
(()(()(((((()(()(((((()(())))(,12
(((((((((((()((()))))))))))))),0
()((()))(()(()((()))(())(()))),0
(((((()(((()))))()((()((((()((,12
(((((((((())()((((((((())(((((,20
((()((()))()(((((())(()(()()(),8
((((((((((((()((()(()))))()))(,10
(((()((()))()(((())))))))((()),0
((((((((())((()(((()((()(((((),18
((((((()()())())(((((()()()))(,8
)(())((()))))))))()))))))))))),-18
(((((((((((((((())))))(((((((),16
(((())((((((((((((()()))))(()),10
((((((((((((((((((()()())()()),16
((((())(((((((((()))))))))(()),4
(((((((((((((()))((((((((((()),20
(((((()(((((())(((()(()()(((((,18
(((())))(((()()())((()((())))),2
(((((())))(((())()())()()()()),2
(()(())()((()))))(((((())))))),-2
(((((((())(((((()))))))))))))(,0
((())(((((((()))))())()))()))(,0
(((((()(()()((()))(((()))))))),2
(((((())))((((()))))(((()))))),0
()((()))()(((())((((())))))))),-2
(((((((((((((()()()(())((((((),18
((((((((())))())))(((()()((()),6
(((()((()())(()(((((((()))())),8
((((()(((())))))))))))(()))))),-8
((()(())((((())((())))())))))(,0
(())()()(((())))))(((()()))()(,0
(()(())((((((((()))))()))()))),0
()))(((((((())((()())()))))))(,0
((((((((()))))(((((()))))))))),0
((((((((())))((((()(((())))))),6
((())(((((((()(((())))())))()(,6
((((()))()((())(((((()))))(()(,6
((()(((()()(((((()()))((())))),6
(((((((((((()))())(()))))))))),0
(((())(())))))((()))()(()))))),-6
(((((())))))((((((((())))))))),0
()))))))))))))()()))())))))))),-22
())()(((((())))()(((()))))())(,0
((((((((()(((((()()()))(((())),12
((((()((())(((()((()((((()(((),16
((((((())((())(((((()))))))))),2
((((((((((((())))()()(())))()),6
(((((((())(((((((()((((((())((,20
((((((((((((((()))()(((((()((),18
((((((()(())(())(()((()))))))),2
())()))())()()))))))(()()))))),-14
())()(((()())()(((()))))))))(),-4
(((((((()))((())))))()(()))))(,0
((((((((((((()())))))))()(()(),6
((()))(()(((((()))((())))))))(,0
((((((()))((()((((()))(()()()(,10
((())((((())))))()(())((()))(),0
)(())))(())))())))))()(()))))),-14
(((((((((())))((()((()))()(((),10
(()(())(((())((()))))()(())))(,0
(((())(())(())((()((()))))())),0
