(((())))(())((((((((())((((()))))(())))(()())))))),0
(((((((()))(((())((((()))(()))(()))(())))))(())))),0
(((((((((((((((((((())))))()(()))))))))))))))()))(,0
()(())))(((()))))))()()()))))))(()())))))))))))))),-24
((()()()()(((()((((())))))))()()()))()((((())))))(,0
((((((((()(((((((()))()(())((((((((((()((((()(((((,32
(((((((((())((()(((((((((())(((()))()((()((()()))),20
))((()))()))()))))))))))))((())))))()))))))(()())),-26
(((())))(((((((((((()((((()())))))))))))))((())))),0
(((((((((((()(((((()))))))((()))))(((()))))))))))),0
(((()((((((((((())(()((((((()())(((((())(()(((())),24
((((((()()(((((((((()((((((((())()((()))((((((())),26
((()(((()))(())(()((((((()()((((()((())()))))))()),8
(())(((((((((((((()(()(((())((((((((((((((()()(()(,32
(((())(((((((())))((()(())))))((((()))))(()))))))(,0
())((((((()))((((()))((())))())))(((())(())))()))(,0
())((((((((((())((()))(((((((()))()()))))))))))))),0
((()))(((()(()))(((((((()(((((((((()()(((((((((((),28
(((((((((((((((((((((()(())(())(((()(()()()(()))(),24
((()))((()((((((((((((((()))))))))())()()(((())))),6
)((())))()))))()())()()())(()))))))))))))))))))))),-28
(((()((((((()(()((())()((()))(((((((()))()))())))(,12
(((((((((((((()(((())((((((((()(()((((((()))(((()(,32
((()(((())((())()))))((((())))(())(((((()))))))()),0
(((((((((()))()((((((()((((((((()(((()((()(()))))(,24
(((((()))(())))()))(((())()()))()(())))))))))))))),-14
(()((((()))((())))))()(((((((())))))))((((())))))(,0
(((((()(((()))()(()(((((())(((((()))))(((())(()))),12
((((((((((((((((((((((()(()((()()()(((())())((()((,30
()((()(((())(())((((((()))))()))(((())))))))((())),0
(())))((((((())))))))((((((()))))))((()((()))))(((,0
((((((())((((())))))))(())(((((())))))()(()))()))(,0
(((()((((((((((()((((((((((((()))()())()((((()(()(,28
((())(((((())()()))(()))))((((())(())(())))))((()),0
()((()(())))((((((((()()))))))(((()))((())))(()))),0
(((()))))()(((())))()()())((((())))))))))))()))()),-12
(())(()()))))(((((()())((((())))))))()((())))))))),-8
(()())((((((((((()(((())()))((((((((())()()(((())),18
(((()))((())))((((())))))))((()((()()))))))))))))),-12
((((((((((())(())))(())(((((((()((((()((())()))))(,16
(((()((((((((()((()()()(()(()(((())()))))(((()()(),16
((((((((((((((((()(((()())(()()()()(())(((((((())),24
))())()))((())))(()(())())))))((((()))()())))))))),-16
(()(()))()))()))())()))())))))))))))))))))))())))),-30
()((((()))))(((()))()(((((()))))(((()))))(((())))),0
(((((((()((((((((())((()(())(()))((()()()()()))(((,18
((((((((()))((()))(())))))()((((((())))()))))))((),0
(())()))))())))))((())))())))))())))(())))(()))))),-24
(((((((((((((())((()))())((((()))()))()))))))))))),0
((((((()))(((((((((((())()))))))))((((())))))))))),0
(((()))(((((((((((())(())))(((())))))))))))))(())(,0
()(((((((()(((((((())())(((((((((((()()())()))())),18
(())(())))))())))()()))()))))))))())())))))(())))),-26
(())(()(((((((()))))((((((((((())(()((((((()))()(),18
(((()(((((())))))(())((((())))(((((((()))))))()))),2
((((((((((((()(()((()))(((())(((((()((())(((()((((,28
()((((((((((((((()))))(()(((((((((()))))))))())((),12
(((()))))(((()((())((()))))(())()(((())))((()))))(,0
((())))()))))))))(()()))())(()))))))())((()))))))),-22
((()((())))()))((((())))))()((()())))))()(())()))),-8
((()((((((()(()))()(((((()(((()(()(())(((((()()()(,22
(((((((((((((((((((())()()()))(()(((((()())()()((),22
()(())((())))())((())))((((())(((()))))()())))((((,0
((((((((((((((()(())(()))))(((()))())((())(()()))),10
((())(((((((()))())())((((((((((((()())(((())())(),16
((((((((((((((()(()))))))()))(())((())))(()))))))),0
(()()((()())))))))))(())(()(()()(()))((()))))))))),-12
(()((()))())((()()(((((((()))()()((((((()))(()())),10
((((((((((())())))()))(((((((())()))(((((())))))(),8
)()))))())(()()())))))))))))))))))))())))))()))))),-34
(((((((((()((((()((((((((((((((((()(())(())))))((),26
(()(((())(((((((((()))()(((((((()()((())))(()))()),14
(((()()())((((((((((((((()))((()(((())(((((()((((),26
((((((((((((((((((((((((((()((((()())((()(((((())(,36
(((((((((((((()))))(((((()))()))))))(((()))))))))),0
((((((()())((((((()((((()(()))(((((((((()))((()((),24
((((((((())))((((()))))))))(((((((())))))(())))))(,0
((((((((()((((((((()(((((()((((((()(((((((()()()((,36
((((((()(((()))))))((())(()))))(((()))(())(()))))(,0
((((((((()((((((((((((()((()))((((())((()()))((()),24
(((((())))((((()()(())(((()((())))))))))()(()))))(,0
(((((((((((((((((()(()(((())(())((()(()(((()(()()),26
((((((()((()))((())))(()((()))))))()()()(()))))()(,0
()(((())))))()(()()(())))))))))))((()()))))(())))),-16
((((((((())((((((()(()))))))(((())))))))))((())))),0
((((((((()))))))))((((((((())))))((())(((()))))))),0
((((())(()((((((()))))())))(())))()((())(())(()))),0
((((())((()))((((((((((((((((((((((()(((()(((()(((,34
()(((((())))))()))()((()()((((((()))))))))))(()))),-6
((((((((())()(((()(()(())(((())(()((()((()(((((()),22
((((((((()(((((((((())((((()())((((((((()((((((((),34
)()()))()))))()()())))()))))())))))()))))))))))))),-32
)))()))(((()))())))())((((())))))))))))()))))))))),-24
(((((()))(())(((()((())))()()))()((((())))())))))(,0
(((((((())))))))((()))(((()((((((((((()((())(()((),16
(((((()))((((((((((((((((()()(()))(((((((((()((()),28
(()(()((())()(((())(((()(((((((()))))))))))))))))(,0
(((())()()()))()(((()))(()))((()((((()))))()(()))),0
))((((()()(()())))))))))))))))(()))()))))(()())))),-20
))))()))(()))()))))()))))))))())()()()))))))())))),-30
(((((((())()(()((()()()(((())((()()()))(((((()))((,16
()((())(((())))(((()((()))))(((())))((((())))))))(,0
((((()(((((((((((()(()))(((((((()))(((()()((())))),20
(((((((((((((((((((((())(((()((((((())())))((()))(,26
(((((()(((((((((((((((())))(())(()()))())())(((()),16
((()(((((((((((((((((((()))))(((((((()(((()(()(()(,30
))(((((((()))))))(((((()))((((((()((())))))))))))(,0
(((((((()))))(((((()))((((((())(())((()(((()))((((,18
(((((((((())((((()()))()))))))))(((((((()))))))))),0
((((())((()(((((((()()()(()(((()((())((()((((()))(,22
((((((((((((((((()((((((((((((((((())(((((()()(((),38
((((((((())))((())))))(((())))(((((((())))))))())),0
)((((()(())))()))((()()(())((()))))))))))))))))))),-16
(((((()(((((()))))(((()((())()())))))(())(((())))),4
((((((((((())))(())(((())))))((((()))(()))())))))),0
((((((())))())((()))((()((((())))))))(((())(())))),0
(((((()())(()(((((((((((()(())((((())()(()())))))(,16
((((((((((((()))()((())(((((((((((((((((()(((()))(,30
((((((()((((((((())))((((((((((((())()))))(()))))),14
(()()))(()()(())((()()())))))(())))(()))))))))))(),-14
((((((((((((((()(((())(((())(((()((((((((((()(()(),32
(((((((((((()))((())((()))(((())(()())))))))))))(),2
(((((((((())(())((((((()())(())((((((())())))()()),14
(()()())((()((()()()(((())))()))(())(())((())))))(,0
((((((((((((()))((()(()))(())))((()))()))))))))))(,0
((((((((((()))))(((((((()))(((())(())))))))))))))),0
(((((((((((((((()))())((()(()(())))((((((((()((()),22
((((((((((()(((((()((((((((((()(((((()))))))(()()(,26
((((())))((((((((((()()))))))))))(()((((())))))()),0
((((())))((((())(())())()(())))(((((((())))))))))(,0
()))))))))))))))))()())((())))))))))))))))((())))),-32
(((((()))(((())(()(((()))))(((((())))))))((()()()),4
((((((((((())((((((((((()()()()))(())))))))))())(),8
((((()))((((((())()((())))()))((((()))))))((())))),0
(((()(((((())(((((((()((((((((()(((((()((((((())((,34
((((((((()()((((()(()(((((((((((()))))))))(()))))(,14
((((()))))(((((((())))(()))(())(((())))())))((())),0
((((((((()())))(((())(()((((()()()()(((()(((())))(,16
((()(()(((()())((((())))()(((((((()(())))(((())()),12
(((((()((((((((((((((((((((((((()(((((()))((()(()),34
((((((((((((((((())((((()())(())(((())()()())(()(),20
((((((((()()()(((((((()(((()(((((((())(((((()((((),32
(())((((()(()((((((((((()))(((())((((()((()()()(((,24
(())(((((((((((()))))())))))(((()((()))))))))(())(,0
()(((((((()(((((()(((((((()))((()())))((())))()))),12
((((())(((((((()()(()(()(()))()((((())((((()())(((,20
()(())(((((())(()(((())())))))(())()))(((()))(())),0
())())(()))))))()()))())())))))))()))))()()))))()),-26
((((((())(((((())((((()))())))(((()()))))(())))))),2
(((((()))((((()))))()(((((((((())))())()((())))))),4
